"Status","Start Time","Stop Time","Duration in ms","Parent Suite","Suite","Sub Suite","Test Class","Test Method","Name","Description"
"failed","Thu Nov 18 20:47:45 UTC 2021","Thu Nov 18 20:47:48 UTC 2021","3892","e2e.interOp.validation_of_operating_modes.bridge_mode.client_connect_test.android","interop sanity","Bridge Mode Client Connect : Suite-A","","","test_ClientConnect_5g_WPA2_Personal_Bridge[setup_profiles0]",""
"failed","Thu Nov 18 21:00:13 UTC 2021","Thu Nov 18 21:00:16 UTC 2021","3959","e2e.interOp.validation_of_operating_modes.bridge_mode.client_connect_test.android","interop sanity","Bridge Mode Client Connect : Suite-B","","","test_ClientConnect_5g_wpa_wpa2_personal_mixed_Bridge[setup_profiles0]",""
"failed","Thu Nov 18 21:08:23 UTC 2021","Thu Nov 18 21:08:27 UTC 2021","4357","e2e.interOp.validation_of_operating_modes.nat_mode.client_connect_test.android","interop sanity","Nat Mode EAP Client Connectivity : Suite-A","","","test_ClientConnect_5g_WPA_enterprise_Nat[setup_profiles0]",""
"failed","Thu Nov 18 21:13:49 UTC 2021","Thu Nov 18 21:13:53 UTC 2021","3956","e2e.interOp.validation_of_operating_modes.nat_mode.client_connect_test.android","interop sanity","Nat Mode Client Connect : Suite-A","","","test_ClientConnect_2g_WPA2_Personal_Nat[setup_profiles0]",""
"failed","Thu Nov 18 21:39:13 UTC 2021","Thu Nov 18 21:39:17 UTC 2021","3927","e2e.interOp.validation_of_operating_modes.vlan_mode.client_connect_test.android","interop sanity","Vlan Mode Client Connect : Suite-A","","","test_ClientConnect_5g_WPA_Vlan[setup_profiles0]",""
"failed","Thu Nov 18 21:33:17 UTC 2021","Thu Nov 18 21:33:21 UTC 2021","3926","e2e.interOp.validation_of_operating_modes.vlan_mode.client_connect_test.android","interop sanity","Vlan Mode EAP Client Connect : Suite-A","","","test_ClientConnect_5g_WPA_enterprise_Vlan[setup_profiles0]",""
"failed","Thu Nov 18 20:51:56 UTC 2021","Thu Nov 18 20:52:00 UTC 2021","4195","e2e.interOp.validation_of_operating_modes.bridge_mode.client_connect_test.android","interop sanity","Bridge Mode Client Connect : Suite-A","","","test_ClientConnect_5g_Open_Bridge[setup_profiles0]",""
"failed","Thu Nov 18 21:16:47 UTC 2021","Thu Nov 18 21:16:51 UTC 2021","3909","e2e.interOp.validation_of_operating_modes.nat_mode.client_connect_test.android","interop sanity","Nat Mode Client Connect : Suite-A","","","test_ClientConnect_5g_Open_Nat[setup_profiles0]",""
"failed","Thu Nov 18 20:49:38 UTC 2021","Thu Nov 18 20:49:42 UTC 2021","3906","e2e.interOp.validation_of_operating_modes.bridge_mode.client_connect_test.android","interop sanity","Bridge Mode Client Connect : Suite-A","","","test_ClientConnect_5g_WPA_Personal_Bridge[setup_profiles0]",""
"failed","Thu Nov 18 20:41:58 UTC 2021","Thu Nov 18 20:42:02 UTC 2021","4155","e2e.interOp.validation_of_operating_modes.bridge_mode.client_connect_test.android","interop sanity","Bridge Mode EAP Client Connect : Suite-A","","","test_ClientConnect_5g_WPA3_enterprise_Bridge[setup_profiles0]",""
"failed","Thu Nov 18 20:50:59 UTC 2021","Thu Nov 18 20:51:03 UTC 2021","3953","e2e.interOp.validation_of_operating_modes.bridge_mode.client_connect_test.android","interop sanity","Bridge Mode Client Connect : Suite-A","","","test_ClientConnect_2g_WPA_Personal_Bridge[setup_profiles0]",""
"failed","Thu Nov 18 20:40:40 UTC 2021","Thu Nov 18 20:40:44 UTC 2021","3956","e2e.interOp.validation_of_operating_modes.bridge_mode.client_connect_test.android","interop sanity","Bridge Mode EAP Client Connect : Suite-A","","","test_ClientConnect_2g_WPA2_enterprise_Bridge[setup_profiles0]",""
"failed","Thu Nov 18 21:07:05 UTC 2021","Thu Nov 18 21:07:09 UTC 2021","3868","e2e.interOp.validation_of_operating_modes.nat_mode.client_connect_test.android","interop sanity","Nat Mode EAP Client Connectivity : Suite-A","","","test_ClientConnect_2g_WPA3_enterprise_Nat[setup_profiles0]",""
"failed","Thu Nov 18 21:18:06 UTC 2021","Thu Nov 18 21:18:10 UTC 2021","4001","e2e.interOp.validation_of_operating_modes.nat_mode.client_connect_test.android","interop sanity","Nat Mode Client Connect : Suite-A","","","test_ClientConnect_2g_Open_Nat[setup_profiles0]",""
"failed","Thu Nov 18 20:39:44 UTC 2021","Thu Nov 18 20:39:48 UTC 2021","4552","e2e.interOp.validation_of_operating_modes.bridge_mode.client_connect_test.android","interop sanity","Bridge Mode EAP Client Connect : Suite-A","","","test_ClientConnect_5g_WPA2_enterprise_Bridge[setup_profiles0]",""
"failed","Thu Nov 18 21:15:37 UTC 2021","Thu Nov 18 21:15:41 UTC 2021","4000","e2e.interOp.validation_of_operating_modes.nat_mode.client_connect_test.android","interop sanity","Nat Mode Client Connect : Suite-A","","","test_ClientConnect_2g_WPA_Personal_Nat[setup_profiles0]",""
"failed","Thu Nov 18 21:40:08 UTC 2021","Thu Nov 18 21:40:12 UTC 2021","3995","e2e.interOp.validation_of_operating_modes.vlan_mode.client_connect_test.android","interop sanity","Vlan Mode Client Connect : Suite-A","","","test_ClientConnect_2g_WPA_Vlan[setup_profiles0]",""
"failed","Thu Nov 18 21:04:11 UTC 2021","Thu Nov 18 21:04:15 UTC 2021","3981","e2e.interOp.validation_of_operating_modes.nat_mode.client_connect_test.android","interop sanity","Nat Mode EAP Client Connectivity : Suite-A","","","test_ClientConnect_5g_WPA2_enterprise_Nat[setup_profiles0]",""
"failed","Thu Nov 18 21:05:08 UTC 2021","Thu Nov 18 21:05:12 UTC 2021","4081","e2e.interOp.validation_of_operating_modes.nat_mode.client_connect_test.android","interop sanity","Nat Mode EAP Client Connectivity : Suite-A","","","test_ClientConnect_2g_WPA2_enterprise_Nat[setup_profiles0]",""
"failed","Thu Nov 18 21:09:40 UTC 2021","Thu Nov 18 21:09:44 UTC 2021","4068","e2e.interOp.validation_of_operating_modes.nat_mode.client_connect_test.android","interop sanity","Nat Mode EAP Client Connectivity : Suite-A","","","test_ClientConnect_2g_WPA_enterprise_Nat[setup_profiles0]",""
"failed","Thu Nov 18 21:22:51 UTC 2021","Thu Nov 18 21:22:55 UTC 2021","3875","e2e.interOp.validation_of_operating_modes.nat_mode.client_connect_test.android","interop sanity","NAT Mode Client Connect : Suite-B","","","test_ClientConnect_5g_wpa3_personal_mixed_Nat[setup_profiles0]",""
"failed","Thu Nov 18 20:58:06 UTC 2021","Thu Nov 18 20:58:09 UTC 2021","3806","e2e.interOp.validation_of_operating_modes.bridge_mode.client_connect_test.android","interop sanity","Bridge Mode Client Connect : Suite-B","","","test_ClientConnect_5g_wpa3_personal_mixed_Bridge[setup_profiles0]",""
"failed","Thu Nov 18 21:06:01 UTC 2021","Thu Nov 18 21:06:05 UTC 2021","4090","e2e.interOp.validation_of_operating_modes.nat_mode.client_connect_test.android","interop sanity","Nat Mode EAP Client Connectivity : Suite-A","","","test_ClientConnect_5g_WPA3_enterprise_Nat[setup_profiles0]",""
"failed","Thu Nov 18 21:31:25 UTC 2021","Thu Nov 18 21:31:29 UTC 2021","3978","e2e.interOp.validation_of_operating_modes.vlan_mode.client_connect_test.android","interop sanity","Vlan Mode EAP Client Connect : Suite-A","","","test_ClientConnect_5g_WPA3_enterprise_Vlan[setup_profiles0]",""
"failed","Thu Nov 18 21:20:53 UTC 2021","Thu Nov 18 21:20:57 UTC 2021","3974","e2e.interOp.validation_of_operating_modes.nat_mode.client_connect_test.android","interop sanity","NAT Mode Client Connect : Suite-B","","","test_ClientConnect_5g_wpa3_personal_Nat[setup_profiles0]",""
"failed","Thu Nov 18 21:12:53 UTC 2021","Thu Nov 18 21:12:57 UTC 2021","3855","e2e.interOp.validation_of_operating_modes.nat_mode.client_connect_test.android","interop sanity","Nat Mode Client Connect : Suite-A","","","test_ClientConnect_5g_WPA2_Personal_Nat[setup_profiles0]",""
"failed","Thu Nov 18 21:32:18 UTC 2021","Thu Nov 18 21:32:22 UTC 2021","3956","e2e.interOp.validation_of_operating_modes.vlan_mode.client_connect_test.android","interop sanity","Vlan Mode EAP Client Connect : Suite-A","","","test_ClientConnect_2g_WPA3_enterprise_Vlan[setup_profiles0]",""
"failed","Thu Nov 18 21:01:04 UTC 2021","Thu Nov 18 21:01:08 UTC 2021","3969","e2e.interOp.validation_of_operating_modes.bridge_mode.client_connect_test.android","interop sanity","Bridge Mode Client Connect : Suite-B","","","test_ClientConnect_2g_wpa_wpa2_personal_mixed_Bridge[setup_profiles0]",""
"failed","Thu Nov 18 20:55:49 UTC 2021","Thu Nov 18 20:55:53 UTC 2021","3871","e2e.interOp.validation_of_operating_modes.bridge_mode.client_connect_test.android","interop sanity","Bridge Mode Client Connect : Suite-B","","","test_ClientConnect_5g_wpa3_personal_Bridge[setup_profiles0]",""
"failed","Thu Nov 18 21:25:52 UTC 2021","Thu Nov 18 21:25:56 UTC 2021","3891","e2e.interOp.validation_of_operating_modes.nat_mode.client_connect_test.android","interop sanity","NAT Mode Client Connect : Suite-B","","","test_ClientConnect_2g_wpa_wpa2_personal_mixed_Nat[setup_profiles0]",""
"failed","Thu Nov 18 20:59:16 UTC 2021","Thu Nov 18 20:59:20 UTC 2021","3941","e2e.interOp.validation_of_operating_modes.bridge_mode.client_connect_test.android","interop sanity","Bridge Mode Client Connect : Suite-B","","","test_ClientConnect_2g_wpa3_personal_mixed_Bridge[setup_profiles0]",""
"failed","Thu Nov 18 20:52:49 UTC 2021","Thu Nov 18 20:52:52 UTC 2021","3803","e2e.interOp.validation_of_operating_modes.bridge_mode.client_connect_test.android","interop sanity","Bridge Mode Client Connect : Suite-A","","","test_ClientConnect_2g_Open_Bridge[setup_profiles0]",""
"failed","Thu Nov 18 21:24:56 UTC 2021","Thu Nov 18 21:25:00 UTC 2021","4144","e2e.interOp.validation_of_operating_modes.nat_mode.client_connect_test.android","interop sanity","NAT Mode Client Connect : Suite-B","","","test_ClientConnect_5g_wpa_wpa2_personal_mixed_Nat[setup_profiles0]",""
"failed","Thu Nov 18 20:57:08 UTC 2021","Thu Nov 18 20:57:12 UTC 2021","3861","e2e.interOp.validation_of_operating_modes.bridge_mode.client_connect_test.android","interop sanity","Bridge Mode Client Connect : Suite-B","","","test_ClientConnect_2g_wpa3_personal_Bridge[setup_profiles0]",""
"failed","Thu Nov 18 20:48:40 UTC 2021","Thu Nov 18 20:48:44 UTC 2021","3940","e2e.interOp.validation_of_operating_modes.bridge_mode.client_connect_test.android","interop sanity","Bridge Mode Client Connect : Suite-A","","","test_ClientConnect_2g_WPA2_Personal_Bridge[setup_profiles0]",""
"failed","Thu Nov 18 20:43:48 UTC 2021","Thu Nov 18 20:43:52 UTC 2021","3876","e2e.interOp.validation_of_operating_modes.bridge_mode.client_connect_test.android","interop sanity","Bridge Mode EAP Client Connect : Suite-A","","","test_ClientConnect_5g_WPA_enterprise_Bridge[setup_profiles0]",""
"failed","Thu Nov 18 21:34:13 UTC 2021","Thu Nov 18 21:34:17 UTC 2021","3984","e2e.interOp.validation_of_operating_modes.vlan_mode.client_connect_test.android","interop sanity","Vlan Mode EAP Client Connect : Suite-A","","","test_ClientConnect_2g_WPA_enterprise_Vlan[setup_profiles0]",""
"failed","Thu Nov 18 21:41:01 UTC 2021","Thu Nov 18 21:41:05 UTC 2021","3909","e2e.interOp.validation_of_operating_modes.vlan_mode.client_connect_test.android","interop sanity","Vlan Mode Client Connect : Suite-A","","","test_ClientConnect_5g_Open_Vlan[setup_profiles0]",""
"failed","Thu Nov 18 21:23:45 UTC 2021","Thu Nov 18 21:23:49 UTC 2021","3927","e2e.interOp.validation_of_operating_modes.nat_mode.client_connect_test.android","interop sanity","NAT Mode Client Connect : Suite-B","","","test_ClientConnect_2g_wpa3_personal_mixed_Nat[setup_profiles0]",""
"failed","Thu Nov 18 21:30:08 UTC 2021","Thu Nov 18 21:30:12 UTC 2021","3976","e2e.interOp.validation_of_operating_modes.vlan_mode.client_connect_test.android","interop sanity","Vlan Mode EAP Client Connect : Suite-A","","","test_ClientConnect_2g_WPA2_enterprise_Vlan[setup_profiles0]",""
"failed","Thu Nov 18 21:14:41 UTC 2021","Thu Nov 18 21:14:45 UTC 2021","4134","e2e.interOp.validation_of_operating_modes.nat_mode.client_connect_test.android","interop sanity","Nat Mode Client Connect : Suite-A","","","test_ClientConnect_5g_WPA_Personal_Nat[setup_profiles0]",""
"failed","Thu Nov 18 21:37:53 UTC 2021","Thu Nov 18 21:37:58 UTC 2021","4063","e2e.interOp.validation_of_operating_modes.vlan_mode.client_connect_test.android","interop sanity","Vlan Mode Client Connect : Suite-A","","","test_ClientConnect_2g_WPA2_Personal_Vlan[setup_profiles0]",""
"failed","Thu Nov 18 21:45:05 UTC 2021","Thu Nov 18 21:45:09 UTC 2021","4003","e2e.interOp.validation_of_operating_modes.vlan_mode.client_connect_test.android","interop sanity","Vlan Mode Client Connect : Suite-B","","","test_ClientConnect_5g_wpa3_personal_Vlan[setup_profiles0]",""
"failed","Thu Nov 18 21:36:48 UTC 2021","Thu Nov 18 21:36:52 UTC 2021","3868","e2e.interOp.validation_of_operating_modes.vlan_mode.client_connect_test.android","interop sanity","Vlan Mode Client Connect : Suite-A","","","test_ClientConnect_5g_WPA2_Personal_Vlan[setup_profiles0]",""
"failed","Thu Nov 18 21:48:16 UTC 2021","Thu Nov 18 21:48:20 UTC 2021","3978","e2e.interOp.validation_of_operating_modes.vlan_mode.client_connect_test.android","interop sanity","Vlan Mode Client Connect : Suite-B","","","test_ClientConnect_2g_wpa3_personal_mixed_Vlan[setup_profiles0]",""
"failed","Thu Nov 18 21:50:13 UTC 2021","Thu Nov 18 21:50:17 UTC 2021","3836","e2e.interOp.validation_of_operating_modes.vlan_mode.client_connect_test.android","interop sanity","Vlan Mode Client Connect : Suite-B","","","test_ClientConnect_2g_wpa_wpa2_personal_mixed_Vlan[setup_profiles0]",""
"failed","Thu Nov 18 21:47:17 UTC 2021","Thu Nov 18 21:47:21 UTC 2021","4025","e2e.interOp.validation_of_operating_modes.vlan_mode.client_connect_test.android","interop sanity","Vlan Mode Client Connect : Suite-B","","","test_ClientConnect_5g_wpa3_personal_mixed_Vlan[setup_profiles0]",""
"failed","Thu Nov 18 20:42:56 UTC 2021","Thu Nov 18 20:43:00 UTC 2021","4020","e2e.interOp.validation_of_operating_modes.bridge_mode.client_connect_test.android","interop sanity","Bridge Mode EAP Client Connect : Suite-A","","","test_ClientConnect_2g_WPA3_enterprise_Bridge[setup_profiles0]",""
"failed","Thu Nov 18 21:49:07 UTC 2021","Thu Nov 18 21:49:11 UTC 2021","3967","e2e.interOp.validation_of_operating_modes.vlan_mode.client_connect_test.android","interop sanity","Vlan Mode Client Connect : Suite-B","","","test_ClientConnect_5g_wpa_wpa2_personal_mixed_Vlan[setup_profiles0]",""
"failed","Thu Nov 18 21:46:21 UTC 2021","Thu Nov 18 21:46:25 UTC 2021","3935","e2e.interOp.validation_of_operating_modes.vlan_mode.client_connect_test.android","interop sanity","Vlan Mode Client Connect : Suite-B","","","test_ClientConnect_2g_wpa3_personal_Vlan[setup_profiles0]",""
"failed","Thu Nov 18 20:44:44 UTC 2021","Thu Nov 18 20:44:48 UTC 2021","3897","e2e.interOp.validation_of_operating_modes.bridge_mode.client_connect_test.android","interop sanity","Bridge Mode EAP Client Connect : Suite-A","","","test_ClientConnect_2g_WPA_enterprise_Bridge[setup_profiles0]",""
"failed","Thu Nov 18 21:28:51 UTC 2021","Thu Nov 18 21:28:55 UTC 2021","4189","e2e.interOp.validation_of_operating_modes.vlan_mode.client_connect_test.android","interop sanity","Vlan Mode EAP Client Connect : Suite-A","","","test_ClientConnect_5g_WPA2_enterprise_Vlan[setup_profiles0]",""
"failed","Thu Nov 18 21:42:09 UTC 2021","Thu Nov 18 21:42:13 UTC 2021","4099","e2e.interOp.validation_of_operating_modes.vlan_mode.client_connect_test.android","interop sanity","Vlan Mode Client Connect : Suite-A","","","test_ClientConnect_2g_Open_Vlan[setup_profiles0]",""
"failed","Thu Nov 18 21:21:59 UTC 2021","Thu Nov 18 21:22:03 UTC 2021","4017","e2e.interOp.validation_of_operating_modes.nat_mode.client_connect_test.android","interop sanity","NAT Mode Client Connect : Suite-B","","","test_ClientConnect_2g_wpa3_personal_Nat[setup_profiles0]",""
"failed","Thu Nov 18 22:03:34 UTC 2021","Thu Nov 18 22:03:48 UTC 2021","13944","e2e.interOp.validation_of_operating_modes.bridge_mode.client_connect_test.iOS","interop sanity","Bridge Mode EAP Client Connect : Suite-A","","","test_ClientConnect_2g_WPA_Eap_Bridge[setup_profiles0]",""
"failed","Thu Nov 18 22:42:46 UTC 2021","Thu Nov 18 22:43:00 UTC 2021","14079","e2e.interOp.validation_of_operating_modes.nat_mode.client_connect_test.iOS","interop sanity","Nat Mode EAP Client Connect : Suite-A","","","test_ClientConnect_2g_WPA_Eap_Nat[setup_profiles0]",""
"failed","Thu Nov 18 22:56:13 UTC 2021","Thu Nov 18 22:56:27 UTC 2021","14072","e2e.interOp.validation_of_operating_modes.nat_mode.client_connect_test.iOS","interop sanity","Nat Mode Client Connect : Suite-A","","","test_ClientConnect_2g_Open_Nat[setup_profiles0]",""
"failed","Thu Nov 18 22:22:57 UTC 2021","Thu Nov 18 22:23:11 UTC 2021","14137","e2e.interOp.validation_of_operating_modes.bridge_mode.client_connect_test.iOS","interop sanity","Bridge Mode Client Connect : Suite-B","","","test_ClientConnect_2g_wpa3_personal_Bridge[setup_profiles0]",""
"failed","Thu Nov 18 22:38:20 UTC 2021","Thu Nov 18 22:38:34 UTC 2021","14211","e2e.interOp.validation_of_operating_modes.nat_mode.client_connect_test.iOS","interop sanity","Nat Mode EAP Client Connect : Suite-A","","","test_ClientConnect_5g_WPA3_Eap_Nat[setup_profiles0]"," wpa2 enterprise 5g
            pytest -m ""client_connect and nat and enterprise and ttls and wpa_enterprise and fiveg""
        "
"failed","Thu Nov 18 21:57:37 UTC 2021","Thu Nov 18 21:57:52 UTC 2021","14383","e2e.interOp.validation_of_operating_modes.bridge_mode.client_connect_test.iOS","interop sanity","Bridge Mode EAP Client Connect : Suite-A","","","test_ClientConnect_2g_WPA2_Eap_Bridge[setup_profiles0]",""
"failed","Thu Nov 18 23:46:18 UTC 2021","Thu Nov 18 23:46:32 UTC 2021","14086","e2e.interOp.validation_of_operating_modes.vlan_mode.client_connect_test.iOS","interop sanity","Vlan Mode Client Connect : Suite-B","","","test_ClientConnect_2g_wpa3_personal_mixed_Vlan[setup_profiles0]",""
"failed","Thu Nov 18 22:28:53 UTC 2021","Thu Nov 18 22:29:07 UTC 2021","13856","e2e.interOp.validation_of_operating_modes.bridge_mode.client_connect_test.iOS","interop sanity","Bridge Mode Client Connect : Suite-B","","","test_ClientConnect_5g_wpa_wpa2_personal_mixed_Bridge[setup_profiles0]",""
"failed","Thu Nov 18 23:41:53 UTC 2021","Thu Nov 18 23:42:07 UTC 2021","14000","e2e.interOp.validation_of_operating_modes.vlan_mode.client_connect_test.iOS","interop sanity","Vlan Mode Client Connect : Suite-B","","","test_ClientConnect_5g_wpa3_personal_mixed_Vlan[setup_profiles0]",""
"failed","Thu Nov 18 23:16:28 UTC 2021","Thu Nov 18 23:16:42 UTC 2021","14490","e2e.interOp.validation_of_operating_modes.vlan_mode.client_connect_test.iOS","interop sanity","Vlan Mode EAP Client Connect : Suite-A","","","test_ClientConnect_5g_WPA3_Eap_Vlan[setup_profiles0]"," wpa2 enterprise 5g
            pytest -m ""client_connect and vlan and enterprise and ttls and wpa_enterprise and fiveg""
        "
"failed","Thu Nov 18 23:14:59 UTC 2021","Thu Nov 18 23:15:14 UTC 2021","14426","e2e.interOp.validation_of_operating_modes.vlan_mode.client_connect_test.iOS","interop sanity","Vlan Mode EAP Client Connect : Suite-A","","","test_ClientConnect_2g_WPA2_Eap_Vlan[setup_profiles0]",""
"failed","Thu Nov 18 22:20:58 UTC 2021","Thu Nov 18 22:21:12 UTC 2021","14205","e2e.interOp.validation_of_operating_modes.bridge_mode.client_connect_test.iOS","interop sanity","Bridge Mode Client Connect : Suite-B","","","test_ClientConnect_5g_wpa3_personal_Bridge[setup_profiles0]",""
"failed","Thu Nov 18 22:30:54 UTC 2021","Thu Nov 18 22:31:08 UTC 2021","14092","e2e.interOp.validation_of_operating_modes.bridge_mode.client_connect_test.iOS","interop sanity","Bridge Mode Client Connect : Suite-B","","","test_ClientConnect_2g_wpa_wpa2_personal_mixed_Bridge[setup_profiles0]",""
"failed","Thu Nov 18 22:48:16 UTC 2021","Thu Nov 18 22:48:30 UTC 2021","14191","e2e.interOp.validation_of_operating_modes.nat_mode.client_connect_test.iOS","interop sanity","Nat Mode Client Connect : Suite-A","","","test_ClientConnect_2g_WPA2_Personal_Nat[setup_profiles0]",""
"failed","Thu Nov 18 23:06:06 UTC 2021","Thu Nov 18 23:06:21 UTC 2021","14069","e2e.interOp.validation_of_operating_modes.nat_mode.client_connect_test.iOS","interop sanity","Nat Mode Client Connect : Suite-B","","","test_ClientConnect_2g_wpa3_personal_mixed_Nat[setup_profiles0]",""
"failed","Thu Nov 18 23:13:32 UTC 2021","Thu Nov 18 23:13:45 UTC 2021","13796","e2e.interOp.validation_of_operating_modes.vlan_mode.client_connect_test.iOS","interop sanity","Vlan Mode EAP Client Connect : Suite-A","","","test_ClientConnect_5g_WPA2_Eap_Vlan[setup_profiles0]"," wpa2 enterprise 5g
            pytest -m ""client_connect and vlan and enterprise and ttls and wpa_enterprise and fiveg""
        "
"failed","Thu Nov 18 23:48:17 UTC 2021","Thu Nov 18 23:48:32 UTC 2021","14037","e2e.interOp.validation_of_operating_modes.vlan_mode.client_connect_test.iOS","interop sanity","Vlan Mode Client Connect : Suite-B","","","test_ClientConnect_5g_wpa_wpa2_personal_mixed_Vlan[setup_profiles0]",""
"failed","Thu Nov 18 23:24:30 UTC 2021","Thu Nov 18 23:24:44 UTC 2021","14099","e2e.interOp.validation_of_operating_modes.vlan_mode.client_connect_test.iOS","interop sanity","Vlan Mode Client Connect : Suite-A","","","test_ClientConnect_5g_WPA2_Personal_VLAN[setup_profiles0]",""
"failed","Thu Nov 18 22:09:02 UTC 2021","Thu Nov 18 22:09:17 UTC 2021","14381","e2e.interOp.validation_of_operating_modes.bridge_mode.client_connect_test.iOS","interop sanity","Bridge Mode Client Connect : Suite-A","","","test_ClientConnect_2g_WPA2_Personal_Bridge[setup_profiles0]",""
"failed","Thu Nov 18 23:39:54 UTC 2021","Thu Nov 18 23:40:08 UTC 2021","14172","e2e.interOp.validation_of_operating_modes.vlan_mode.client_connect_test.iOS","interop sanity","Vlan Mode Client Connect : Suite-B","","","test_ClientConnect_2g_wpa3_personal_Vlan[setup_profiles0]",""
"failed","Thu Nov 18 22:00:33 UTC 2021","Thu Nov 18 22:00:48 UTC 2021","14374","e2e.interOp.validation_of_operating_modes.bridge_mode.client_connect_test.iOS","interop sanity","Bridge Mode EAP Client Connect : Suite-A","","","test_ClientConnect_2g_WPA3_Eap_Bridge[setup_profiles0]",""
"failed","Thu Nov 18 21:56:12 UTC 2021","Thu Nov 18 21:56:26 UTC 2021","14259","e2e.interOp.validation_of_operating_modes.bridge_mode.client_connect_test.iOS","interop sanity","Bridge Mode EAP Client Connect : Suite-A","","","test_ClientConnect_5g_WPA2_Eap_Bridge[setup_profiles0]"," wpa2 enterprise 5g
            pytest -m ""client_connect and bridge and enterprise and ttls and wpa_enterprise and fiveg""
        "
"failed","Thu Nov 18 22:46:12 UTC 2021","Thu Nov 18 22:46:26 UTC 2021","14057","e2e.interOp.validation_of_operating_modes.nat_mode.client_connect_test.iOS","interop sanity","Nat Mode Client Connect : Suite-A","","","test_ClientConnect_5g_WPA2_Personal_Nat[setup_profiles0]",""
"failed","Thu Nov 18 22:26:56 UTC 2021","Thu Nov 18 22:27:10 UTC 2021","14046","e2e.interOp.validation_of_operating_modes.bridge_mode.client_connect_test.iOS","interop sanity","Bridge Mode Client Connect : Suite-B","","","test_ClientConnect_2g_wpa3_personal_mixed_Bridge[setup_profiles0]",""
"failed","Thu Nov 18 22:10:59 UTC 2021","Thu Nov 18 22:11:13 UTC 2021","14141","e2e.interOp.validation_of_operating_modes.bridge_mode.client_connect_test.iOS","interop sanity","Bridge Mode Client Connect : Suite-A","","","test_ClientConnect_5g_WPA_Bridge[setup_profiles0]",""
"failed","Thu Nov 18 23:08:08 UTC 2021","Thu Nov 18 23:08:22 UTC 2021","13978","e2e.interOp.validation_of_operating_modes.nat_mode.client_connect_test.iOS","interop sanity","Nat Mode Client Connect : Suite-B","","","test_ClientConnect_5g_wpa_wpa2_personal_mixed_Nat[setup_profiles0]",""
"failed","Thu Nov 18 22:41:18 UTC 2021","Thu Nov 18 22:41:33 UTC 2021","14251","e2e.interOp.validation_of_operating_modes.nat_mode.client_connect_test.iOS","interop sanity","Nat Mode EAP Client Connect : Suite-A","","","test_ClientConnect_5g_WPA_Eap_Nat[setup_profiles0]"," wpa enterprise 5g
            pytest -m ""client_connect and nat and enterprise and ttls and wpa_enterprise and fiveg""
        "
"failed","Thu Nov 18 22:36:46 UTC 2021","Thu Nov 18 22:37:01 UTC 2021","14429","e2e.interOp.validation_of_operating_modes.nat_mode.client_connect_test.iOS","interop sanity","Nat Mode EAP Client Connect : Suite-A","","","test_ClientConnect_2g_WPA2_Eap_Nat[setup_profiles0]",""
"failed","Thu Nov 18 21:59:01 UTC 2021","Thu Nov 18 21:59:15 UTC 2021","14283","e2e.interOp.validation_of_operating_modes.bridge_mode.client_connect_test.iOS","interop sanity","Bridge Mode EAP Client Connect : Suite-A","","","test_ClientConnect_5g_WPA3_Eap_Bridge[setup_profiles0]"," wpa2 enterprise 5g
            pytest -m ""client_connect and bridge and enterprise and ttls and wpa_enterprise and fiveg""
        "
"failed","Thu Nov 18 22:39:44 UTC 2021","Thu Nov 18 22:39:58 UTC 2021","14303","e2e.interOp.validation_of_operating_modes.nat_mode.client_connect_test.iOS","interop sanity","Nat Mode EAP Client Connect : Suite-A","","","test_ClientConnect_2g_WPA3_Eap_Nat[setup_profiles0]",""
"failed","Thu Nov 18 23:10:05 UTC 2021","Thu Nov 18 23:10:19 UTC 2021","14123","e2e.interOp.validation_of_operating_modes.nat_mode.client_connect_test.iOS","interop sanity","Nat Mode Client Connect : Suite-B","","","test_ClientConnect_2g_wpa_wpa2_personal_mixed_Nat[setup_profiles0]",""
"failed","Thu Nov 18 22:52:14 UTC 2021","Thu Nov 18 22:52:28 UTC 2021","14218","e2e.interOp.validation_of_operating_modes.nat_mode.client_connect_test.iOS","interop sanity","Nat Mode Client Connect : Suite-A","","","test_ClientConnect_2g_WPA_Nat[setup_profiles0]",""
"failed","Thu Nov 18 23:32:25 UTC 2021","Thu Nov 18 23:32:39 UTC 2021","14162","e2e.interOp.validation_of_operating_modes.vlan_mode.client_connect_test.iOS","interop sanity","Vlan Mode Client Connect : Suite-A","","","test_ClientConnect_5g_Open_VLAN[setup_profiles0]",""
"failed","Thu Nov 18 23:02:10 UTC 2021","Thu Nov 18 23:02:24 UTC 2021","14260","e2e.interOp.validation_of_operating_modes.nat_mode.client_connect_test.iOS","interop sanity","Nat Mode Client Connect : Suite-B","","","test_ClientConnect_2g_wpa3_personal_Nat[setup_profiles0]",""
"failed","Thu Nov 18 22:07:01 UTC 2021","Thu Nov 18 22:07:15 UTC 2021","14091","e2e.interOp.validation_of_operating_modes.bridge_mode.client_connect_test.iOS","interop sanity","Bridge Mode Client Connect : Suite-A","","","test_ClientConnect_5g_WPA2_Personal_Bridge[setup_profiles0]",""
"failed","Thu Nov 18 23:50:19 UTC 2021","Thu Nov 18 23:50:33 UTC 2021","14021","e2e.interOp.validation_of_operating_modes.vlan_mode.client_connect_test.iOS","interop sanity","Vlan Mode Client Connect : Suite-B","","","test_ClientConnect_2g_wpa_wpa2_personal_mixed_Vlan[setup_profiles0]",""
"failed","Thu Nov 18 22:54:11 UTC 2021","Thu Nov 18 22:54:25 UTC 2021","14084","e2e.interOp.validation_of_operating_modes.nat_mode.client_connect_test.iOS","interop sanity","Nat Mode Client Connect : Suite-A","","","test_ClientConnect_5g_Open_Nat[setup_profiles0]",""
"failed","Thu Nov 18 22:35:23 UTC 2021","Thu Nov 18 22:35:37 UTC 2021","14226","e2e.interOp.validation_of_operating_modes.nat_mode.client_connect_test.iOS","interop sanity","Nat Mode EAP Client Connect : Suite-A","","","test_ClientConnect_5g_WPA2_Eap_Nat[setup_profiles0]"," wpa2 enterprise 5g
            pytest -m ""client_connect and nat and enterprise and ttls and wpa_enterprise and fiveg""
        "
"failed","Thu Nov 18 22:15:00 UTC 2021","Thu Nov 18 22:15:14 UTC 2021","13905","e2e.interOp.validation_of_operating_modes.bridge_mode.client_connect_test.iOS","interop sanity","Bridge Mode Client Connect : Suite-A","","","test_ClientConnect_5g_Open_Bridge[setup_profiles0]",""
"failed","Thu Nov 18 23:20:58 UTC 2021","Thu Nov 18 23:21:12 UTC 2021","13680","e2e.interOp.validation_of_operating_modes.vlan_mode.client_connect_test.iOS","interop sanity","Vlan Mode EAP Client Connect : Suite-A","","","test_ClientConnect_2g_WPA_Eap_Vlan[setup_profiles0]",""
"failed","Thu Nov 18 23:19:30 UTC 2021","Thu Nov 18 23:19:44 UTC 2021","13769","e2e.interOp.validation_of_operating_modes.vlan_mode.client_connect_test.iOS","interop sanity","Vlan Mode EAP Client Connect : Suite-A","","","test_ClientConnect_5g_WPA_Eap_Vlan[setup_profiles0]"," wpa enterprise 5g
            pytest -m ""client_connect and vlan and enterprise and ttls and wpa_enterprise and fiveg""
        "
"failed","Thu Nov 18 23:18:04 UTC 2021","Thu Nov 18 23:18:18 UTC 2021","14264","e2e.interOp.validation_of_operating_modes.vlan_mode.client_connect_test.iOS","interop sanity","Vlan Mode EAP Client Connect : Suite-A","","","test_ClientConnect_2g_WPA3_Eap_Vlan[setup_profiles0]",""
"failed","Thu Nov 18 22:17:00 UTC 2021","Thu Nov 18 22:17:14 UTC 2021","13983","e2e.interOp.validation_of_operating_modes.bridge_mode.client_connect_test.iOS","interop sanity","Bridge Mode Client Connect : Suite-A","","","test_ClientConnect_2g_Open_Bridge[setup_profiles0]",""
"failed","Thu Nov 18 22:50:15 UTC 2021","Thu Nov 18 22:50:29 UTC 2021","14028","e2e.interOp.validation_of_operating_modes.nat_mode.client_connect_test.iOS","interop sanity","Nat Mode Client Connect : Suite-A","","","test_ClientConnect_5g_WPA_Nat[setup_profiles0]",""
"failed","Thu Nov 18 23:00:09 UTC 2021","Thu Nov 18 23:00:23 UTC 2021","14177","e2e.interOp.validation_of_operating_modes.nat_mode.client_connect_test.iOS","interop sanity","Nat Mode Client Connect : Suite-B","","","test_ClientConnect_5g_wpa3_personal_Nat[setup_profiles0]",""
"failed","Thu Nov 18 22:24:54 UTC 2021","Thu Nov 18 22:25:08 UTC 2021","14064","e2e.interOp.validation_of_operating_modes.bridge_mode.client_connect_test.iOS","interop sanity","Bridge Mode Client Connect : Suite-B","","","test_ClientConnect_5g_wpa3_personal_mixed_Bridge[setup_profiles0]",""
"failed","Thu Nov 18 23:30:26 UTC 2021","Thu Nov 18 23:30:40 UTC 2021","14081","e2e.interOp.validation_of_operating_modes.vlan_mode.client_connect_test.iOS","interop sanity","Vlan Mode Client Connect : Suite-A","","","test_ClientConnect_2g_WPA_VLAN[setup_profiles0]",""
"failed","Thu Nov 18 22:02:03 UTC 2021","Thu Nov 18 22:02:18 UTC 2021","14364","e2e.interOp.validation_of_operating_modes.bridge_mode.client_connect_test.iOS","interop sanity","Bridge Mode EAP Client Connect : Suite-A","","","test_ClientConnect_5g_WPA_Eap_Bridge[setup_profiles0]"," wpa enterprise 5g
            pytest -m ""client_connect and bridge and enterprise and ttls and wpa_enterprise and fiveg""
        "
"failed","Thu Nov 18 23:26:29 UTC 2021","Thu Nov 18 23:26:44 UTC 2021","14184","e2e.interOp.validation_of_operating_modes.vlan_mode.client_connect_test.iOS","interop sanity","Vlan Mode Client Connect : Suite-A","","","test_ClientConnect_2g_WPA2_Personal_VLAN[setup_profiles0]",""
"failed","Thu Nov 18 22:12:59 UTC 2021","Thu Nov 18 22:13:13 UTC 2021","14099","e2e.interOp.validation_of_operating_modes.bridge_mode.client_connect_test.iOS","interop sanity","Bridge Mode Client Connect : Suite-A","","","test_ClientConnect_2g_WPA_Bridge[setup_profiles0]",""
"failed","Thu Nov 18 23:34:27 UTC 2021","Thu Nov 18 23:34:41 UTC 2021","14116","e2e.interOp.validation_of_operating_modes.vlan_mode.client_connect_test.iOS","interop sanity","Vlan Mode Client Connect : Suite-A","","","test_ClientConnect_2g_Open_VLAN[setup_profiles0]",""
"failed","Thu Nov 18 23:38:03 UTC 2021","Thu Nov 18 23:38:19 UTC 2021","15479","e2e.interOp.validation_of_operating_modes.vlan_mode.client_connect_test.iOS","interop sanity","Vlan Mode Client Connect : Suite-B","","","test_ClientConnect_5g_wpa3_personal_Vlan[setup_profiles0]",""
"failed","Thu Nov 18 23:28:27 UTC 2021","Thu Nov 18 23:28:41 UTC 2021","14072","e2e.interOp.validation_of_operating_modes.vlan_mode.client_connect_test.iOS","interop sanity","Vlan Mode Client Connect : Suite-A","","","test_ClientConnect_5g_WPA_VLAN[setup_profiles0]",""
"failed","Thu Nov 18 23:04:07 UTC 2021","Thu Nov 18 23:04:21 UTC 2021","14102","e2e.interOp.validation_of_operating_modes.nat_mode.client_connect_test.iOS","interop sanity","Nat Mode Client Connect : Suite-B","","","test_ClientConnect_5g_wpa3_personal_mixed_Nat[setup_profiles0]",""
